2
100
8388608
0
0
112.981919 23.100636 1
54.204321 -94.902944 1
-28.064353 -103.005896 1
85.2663 -64.275329 1
38.634529 126.4118 1
-1.165061 -0.029249 1
0.260376 -0.416589 1
-0.226496 -0.176139 1
-0.094784 0.749104 1
-0.691401 -1.758666 1
0.168193 -1.855667 1
0.23555 -0.48713 1
-0.754396 -0.92589 1
0.27777 -0.427706 1
1.053245 -0.00411 1
-0.094519 -0.897403 1
0.69193 1.004266 1
0.663182 1.953194 1
0.41193 -0.236277 1
-1.25992 1.290896 1
0.143298 0.186701 1
-0.239698 -0.274662 1
-2.016431 0.254195 1
0.032843 0.482585 1
0.125824 -1.195745 1
-1.553046 0.158378 1
0.483728 1.647025 1
0.86952 1.996366 1
1.802906 -0.220174 1
-0.046772 1.933261 1
1.547039 0.509002 1
-1.439091 0.084981 1
-0.82582 -0.09122 1
0.803972 0.116136 1
-0.822154 -0.029364 1
0.47148 1.656421 1
-0.171896 -0.329229 1
0.565983 0.9776 1
0.003103 1.82404 1
-1.367758 0.068711 1
0.41133 0.137074 1
0.132406 0.244856 1
-1.104284 -0.400429 1
0.344188 -1.016155 1
-0.422769 -1.057087 1
0.051507 -2.562521 1
-0.972604 -0.343489 1
0.181156 -0.298381 1
0.179678 -0.04168 1
-0.147133 -1.615285 1
-0.262468 211.477839 -1
-64.729121 -32.199378 -1
-79.485358 92.093662 -1
77.794147 -28.836633 -1
135.08988 160.811644 -1
2.850111 2.389381 -1
2.142803 1.449602 -1
2.551624 -0.12667 -1
-0.596154 1.929601 -1
-0.388626 2.928436 -1
0.77514 0.746409 -1
-0.078111 -0.964212 -1
1.08639 1.471194 -1
0.483451 0.703163 -1
2.376215 2.27533 -1
0.787288 1.07288 -1
0.342263 0.414304 -1
0.247326 2.071005 -1
2.230991 1.067355 -1
1.173443 1.977792 -1
4.212863 1.350706 -1
2.271643 1.950599 -1
2.725567 3.402182 -1
1.313658 2.678886 -1
2.127283 0.219269 -1
1.871988 2.567916 -1
1.463011 1.266622 -1
1.530515 0.278651 -1
0.876289 2.311822 -1
1.470329 5.019097 -1
2.22115 2.216646 -1
0.280164 1.398367 -1
0.870396 0.227502 -1
0.800964 1.628773 -1
1.743461 1.494715 -1
2.0861 -0.086071 -1
1.640946 2.173221 -1
0.087463 0.217587 -1
2.656928 2.4999 -1
2.205598 -0.738204 -1
-0.249718 0.815259 -1
2.182046 1.835188 -1
2.892886 2.051574 -1
1.448377 0.191334 -1
2.05591 1.102792 -1
1.428988 0.637406 -1
2.940589 3.175005 -1
1.83351 1.34533 -1
0.140583 2.956924 -1
-0.78876 1.360408 -1
