2
100
2097152
0
0
-121.768668 59.653069 1
2.441678 24.005682 1
-128.841177 12.126663 1
-124.598448 39.20998 1
-37.923537 -131.593761 1
-0.486427 -1.460394 1
0.234557 -1.686921 1
1.342836 0.066055 1
1.054779 0.930252 1
-0.673144 0.486729 1
0.659868 -0.10705 1
0.585206 -0.99342 1
0.789672 0.699383 1
-0.848981 -0.564721 1
-0.792015 -0.179939 1
0.975328 0.21865 1
0.625641 -1.475381 1
0.112455 -0.935051 1
1.125325 -0.385403 1
-0.08782 -1.640172 1
-1.461969 0.135282 1
-0.480362 0.212853 1
0.493238 -0.656076 1
-0.985319 0.549564 1
-1.03236 -0.24232 1
0.93321 -0.316795 1
0.763308 -0.854201 1
-2.12514 0.011481 1
3.143825 -0.67399 1
1.315835 -0.489353 1
0.765077 0.570446 1
1.530994 1.929169 1
-0.194103 -1.270306 1
0.805557 0.82062 1
-1.162571 0.108773 1
-0.29106 1.27274 1
-0.330538 -0.183892 1
-1.092621 0.304667 1
0.656423 0.210273 1
-1.544401 1.524901 1
-0.41159 1.858612 1
-1.33374 0.255195 1
-1.019595 1.580714 1
1.300631 1.565747 1
-0.311496 -0.212077 1
1.875908 0.326801 1
1.286058 0.23976 1
-1.03572 -2.251582 1
0.472431 0.515536 1
-1.107896 1.468256 1
-366.945597 103.563651 -1
-129.097734 66.310567 -1
-9.025056 10.046023 -1
31.954496 79.199977 -1
63.974261 -83.393867 -1
2.82595 1.014319 -1
-0.113281 2.340046 -1
0.584852 2.746942 -1
1.962341 -0.27678 -1
1.874768 2.120892 -1
1.415295 0.599854 -1
2.161321 -0.217861 -1
1.931147 0.41801 -1
0.543155 0.507132 -1
1.924049 3.191229 -1
1.605212 0.857019 -1
1.118985 0.472464 -1
1.417079 0.519107 -1
0.8151 0.985089 -1
2.758814 2.429526 -1
1.816156 0.902398 -1
-1.154652 3.114747 -1
-0.993098 2.007992 -1
2.736585 1.748756 -1
0.611649 0.280101 -1
1.38242 0.921001 -1
-0.07771 0.952701 -1
2.040763 -0.258147 -1
1.880534 1.567508 -1
3.246592 4.186243 -1
0.61003 3.282028 -1
1.771928 3.026168 -1
0.078769 1.612192 -1
0.209482 2.512496 -1
-1.667776 1.127765 -1
1.700294 1.872155 -1
-0.210495 0.351479 -1
1.09705 0.679156 -1
2.005671 2.472411 -1
2.642968 2.877499 -1
1.269964 2.43318 -1
0.597558 1.40967 -1
-0.486282 0.25211 -1
1.969793 0.301915 -1
3.42264 0.781271 -1
2.40038 -0.238945 -1
2.250214 -0.052768 -1
2.761499 -0.588112 -1
1.83824 3.34417 -1
1.74848 1.207992 -1
