2
100
2097152
0
0
239.221781 -65.128898 1
76.164062 -10.845975 1
-169.742729 10.772458 1
101.603163 -121.915488 1
-119.520504 113.093237 1
0.755142 -0.428554 1
1.057747 1.35019 1
-1.169784 -0.022279 1
1.027256 -0.461574 1
-2.277187 -0.669275 1
-0.299293 -2.02292 1
0.465908 0.984116 1
1.351914 0.55587 1
2.593622 0.316394 1
-0.991861 0.270543 1
-0.536995 0.147494 1
0.075259 0.408361 1
-1.530751 0.569006 1
0.83385 0.754782 1
0.447429 -0.558123 1
-0.108486 -1.031026 1
-0.370495 -1.509308 1
-0.608562 -0.329393 1
-0.364865 -1.093361 1
0.393125 0.257169 1
-0.783314 -0.109942 1
0.533185 -1.132718 1
-0.069627 0.162588 1
-1.39215 1.524414 1
-0.595382 -0.311904 1
-0.353181 -0.292346 1
-0.082715 0.074626 1
-1.574909 -1.307877 1
0.36006 0.493889 1
-0.348019 -0.398719 1
1.08378 0.330927 1
-0.405905 -0.660919 1
0.313567 0.535947 1
0.589862 0.709758 1
-0.190211 -1.006071 1
0.777317 0.820704 1
1.322573 0.355545 1
0.621049 0.356801 1
-0.402602 0.585182 1
-0.078955 1.128337 1
-0.095634 0.094686 1
1.423451 0.631343 1
2.062732 1.252485 1
1.720234 1.406242 1
-0.057321 0.574383 1
183.665838 -101.576301 -1
49.676092 -97.692787 -1
-183.027578 -44.136508 -1
12.327645 21.33904 -1
-75.321909 85.399796 -1
1.538387 0.985728 -1
0.62884 2.991489 -1
-0.266104 1.466325 -1
1.987202 0.957646 -1
0.510917 2.269246 -1
2.806095 1.401576 -1
-0.732175 2.025863 -1
0.935193 0.769675 -1
0.808542 0.97078 -1
1.765212 1.774875 -1
3.165975 -0.982484 -1
1.565906 0.72345 -1
4.006397 3.424811 -1
2.76842 1.31378 -1
1.041875 0.031702 -1
2.328945 2.321498 -1
2.049393 3.008824 -1
2.781561 3.042511 -1
-0.450354 0.887142 -1
2.277913 1.052445 -1
1.29556 1.500596 -1
2.517411 1.823858 -1
1.785374 3.343197 -1
2.28255 1.534817 -1
1.353211 1.862759 -1
1.582789 2.574297 -1
1.092032 1.215201 -1
-0.692926 2.897717 -1
1.200009 0.930455 -1
0.611826 0.326628 -1
2.994118 0.298874 -1
2.937738 0.500257 -1
2.698722 1.703229 -1
3.082956 1.675574 -1
2.051942 2.574036 -1
0.842515 -1.787701 -1
1.052089 0.921903 -1
2.777105 2.950282 -1
0.959276 1.624748 -1
2.217201 0.749756 -1
0.221365 1.760937 -1
3.638078 0.55132 -1
2.146788 1.452324 -1
1.186374 1.738886 -1
0.735368 0.093279 -1
