2
100
524288
1482910.4
251981722.4
-31.479533 -193.274876 1
7.041202 -11.942738 1
-84.042693 54.036964 1
97.562993 169.923767 1
42.535684 76.12036 1
-0.31491 1.737554 1
0.097975 0.080123 1
-1.328643 1.40401 1
1.579991 0.237294 1
-1.194054 0.764323 1
-0.290716 0.009641 1
0.865785 -0.423025 1
0.608888 0.036469 1
0.121217 0.35568 1
0.102952 0.747691 1
0.627717 1.238707 1
0.971018 0.139206 1
0.519053 0.839998 1
0.763519 -1.951611 1
0.299897 1.14548 1
0.177546 -0.91121 1
0.068677 -0.320186 1
-1.00556 -0.681671 1
0.213966 1.13327 1
-0.484392 2.182843 1
2.279342 1.08629 1
-2.003779 0.519991 1
-1.295701 1.755192 1
1.583833 -0.482952 1
0.214537 0.711422 1
0.522243 -0.316958 1
2.270143 1.351744 1
-1.501809 -1.35732 1
0.597338 -2.252032 1
-1.285171 -0.763788 1
-0.187307 1.057528 1
-0.767762 0.807171 1
-0.267419 -0.538076 1
-1.177342 -0.525057 1
2.396217 -0.705802 1
-1.419141 -0.886895 1
0.245183 0.466958 1
-0.300801 1.312116 1
-2.156018 0.006697 1
-1.010478 0.488613 1
-0.358798 0.884027 1
-1.662432 -0.647574 1
-0.226726 0.785241 1
-0.200404 -0.889977 1
0.217148 -0.172743 1
17.170282 -123.615504 -1
33.749733 31.739231 -1
-112.752244 -49.689922 -1
-17.384344 -111.749802 -1
-80.297023 -86.764293 -1
1.851158 0.650058 -1
1.588745 1.000993 -1
1.566324 0.124606 -1
-0.338666 0.231735 -1
2.707492 1.687468 -1
2.186717 0.809082 -1
1.898319 -0.62548 -1
1.828146 -0.599746 -1
1.50918 1.91544 -1
1.559278 0.470475 -1
1.288374 1.336932 -1
-0.034648 1.00403 -1
1.241302 2.424019 -1
1.122511 2.26087 -1
2.547802 0.096021 -1
1.70547 -0.676928 -1
2.107665 0.636944 -1
0.542601 -0.358997 -1
1.264491 1.643157 -1
1.474059 1.542674 -1
0.458054 1.140463 -1
0.171335 0.633026 -1
-0.161853 0.712805 -1
1.721142 -0.69401 -1
1.073245 3.579833 -1
2.993997 0.589348 -1
0.749648 2.396665 -1
0.808736 2.947685 -1
0.959074 -0.091362 -1
2.479027 0.810422 -1
-0.211129 2.439644 -1
1.415137 1.823121 -1
2.310297 0.831329 -1
-0.094304 0.726694 -1
0.47433 -0.407092 -1
1.392223 3.312071 -1
1.54629 0.762665 -1
4.204969 1.702229 -1
2.39922 0.957191 -1
1.251614 1.227636 -1
1.608793 1.6153 -1
0.914194 0.347336 -1
0.227667 -1.35234 -1
1.66839 1.662234 -1
2.380281 1.147533 -1
