2
100
16384
46340.95001
8487565.126
-164.943453 -19.899299 1
-60.337933 55.857365 1
-64.297082 175.681586 1
-82.304473 -16.045159 1
-1.63469 77.266908 1
0.86778 0.029195 1
-0.405459 1.090703 1
0.866891 -0.56771 1
1.581787 -0.121184 1
0.832111 -0.621606 1
-0.910482 -0.155889 1
-0.663314 0.481003 1
-0.767676 -0.145955 1
-0.696306 -2.945106 1
0.165377 1.229703 1
0.515656 0.445246 1
1.37794 0.90058 1
2.148868 1.067405 1
-0.271838 -0.512231 1
0.455259 0.457455 1
0.133869 -0.336513 1
0.53203 -2.002515 1
-0.29929 2.806392 1
-0.543844 0.137533 1
-0.023886 0.532474 1
2.436608 -0.279068 1
-0.7918 1.165657 1
-1.279341 -0.022604 1
-1.291017 -1.515795 1
0.268048 -0.679646 1
-0.194668 -0.894821 1
1.303094 -0.773969 1
0.162663 -0.146776 1
0.770458 -0.104762 1
-0.390692 1.51546 1
0.425744 -0.75285 1
0.263441 0.325229 1
1.022118 -0.763296 1
-0.215054 -1.252581 1
-0.687615 -2.42763 1
1.53127 0.654031 1
0.21873 0.511774 1
-0.390977 -2.380069 1
-0.413679 0.872196 1
-0.617921 1.092702 1
-0.238276 0.497193 1
-0.082235 -0.143747 1
0.063124 2.129331 1
1.41035 -0.22965 1
-0.848956 1.447747 1
183.154729 -93.440456 -1
-2.970842 39.659968 -1
-20.776405 10.138483 -1
118.741546 -26.448049 -1
-233.663349 -22.79811 -1
1.362635 1.57075 -1
1.384051 2.805999 -1
0.688506 1.160505 -1
1.83549 1.099865 -1
2.814329 1.25466 -1
1.9714 1.797847 -1
2.890478 1.298686 -1
0.416251 1.936468 -1
0.974788 1.526135 -1
0.994461 2.262553 -1
1.399752 1.373888 -1
-0.082395 0.550026 -1
1.855242 2.143416 -1
0.789883 2.295536 -1
2.946638 1.659246 -1
1.617065 -0.328317 -1
0.263536 1.360214 -1
-0.299853 0.640935 -1
1.172947 2.303078 -1
2.130358 1.141999 -1
1.466647 2.079357 -1
0.981056 2.436674 -1
0.239086 2.198097 -1
0.906053 1.601375 -1
1.712899 1.142904 -1
2.284202 0.957929 -1
0.856422 -0.249625 -1
1.223209 1.976464 -1
1.523574 2.024994 -1
1.455606 0.6991 -1
1.684752 1.687078 -1
3.541452 1.781775 -1
0.932147 2.703534 -1
0.990632 2.230451 -1
1.618182 1.838569 -1
1.855825 1.938891 -1
2.745525 3.013007 -1
1.323302 0.779091 -1
0.50759 2.201123 -1
1.485394 2.080931 -1
2.341713 2.225426 -1
-0.657372 0.689369 -1
1.224312 1.70488 -1
-0.398873 1.449515 -1
1.681028 1.125258 -1
